54959
521613
270593
161044
201452
239656
235239
376996
422432
539453
461953
82431
554266
68409
390137
505733
367626
405530
333924
536486
447779
27787
231450
118740
543203
135671
403087
562943
347768
207041
242934
305803
312278
256095
145750
285929
358901
45433
136644
297037
303937
65430
282790
358191
295124
467821
553165
241868
125072
224093
368038
256003
4392
12047
217951
540107
319055
505040
11099
277542
433883
294958
133611
580720
225312
31542
462330
257046
358833
347506
246425
327892
62060
488979
8853
378099
62875
279521
3244
234928
157938
496360
257941
354460
198495
7256
41373
310858
108051
208524
173081
292822
165157
147921
236010
233042
150267
150874
138075
318618
181714
91899
467477
181303
268378
136780
327872
210374
330065
133244
293002
137727
16574
78929
113173
513073
483564
373193
297578
136870
216096
73239
97577
331667
106793
406848
191096
563641
182021
545597
400046
48731
357279
47552
247234
361085
361804
55167
354061
529455
58157
66423
256590
67660
196295
142949
35826
508586
34877
383384
80395
80522
505754
82259
553443
390068
337666
497928
555267
417846
281019
303253
127775
146961
137451
428178
5723
152192
313321
460022
437923
425973
567877
156025
436653
568131
112820
463913
12014
121817
468178
155861
138589
163219
302710
142189
424392
140043
305962
115930
7281
219393
545583
211163
188109
290515
304827
389316
554255
216710
250313
133233
456143
418533
50493
236766
284426
377355
165035
4764
322845
160828
51461
338428
86839
136181
268322
508119
476455
262651
378712
29308
328499
145408
19042
46805
189714
361819
495090
133279
102478
491169
68745
556653
484215
183571
400189
486568
164983
237230
31151
238806
28039
568717
196453
580693
3661
106641
250745
349185
547790
332852
383039
40485
139260
558955
88360
405104
549936
529907
292990
65942
31176
542676
58522
97080
259112
256547
576085
122039
128644
278967
473415
448114
43404
413959
198805
443537
73467
363831
457271
487391
356456
95441
157465
94055
572347
311015
568259
566538
117201
442952
465588
443591
329486
325623
540816
44575
205782
201220
477172
132992
85674
410068
431521
378831
144985
20947
374886
544044
201970
526040
122589
168837
223314
19129
387655
288799
599
38465
320893
317424
509423
15987
188439
366111
259335
539975
144200
360346
177069
92985
39731
557556
92093
259342
378448
553664
22215
50746
566644
37675
4283
154520
134542
568623
356612
405306
99996
96769
289949
492605
43614
185156
304347
486803
68674
54603
573363
32964
238573
318314
396997
530220
161875
170072
275843
185621
387776
491336
303556
103255
309696
140696
113579
155443
139141
386707
93236
9548
385580
173737
475879
142318
476172
433804
177575
451683
419558
422833
240403
87489
202799
177802
366031
362971
460147
216581
510942
190432
214306
133237
117527
471205
192730
441247
493132
493814
194704
135785
66355
464248
519387
62726
149767
525971
84762
84870
170813
431615
204935
138517
125322
481404
133999
514990
356236
559790
23995
29719
276149
324776
355871
10764
250629
307438
39961
306585
564317
11181
44478
561570
323751
6789
353027
1869
545407
556278
271785
269975
265063
572517
315601
318671
340778
340451
307531
7867
157592
84980
227032
102466
315824
266491
173565
388903
230619
117127
240918
534601
150026
328757
472078
273246
127955
115128
6213
271017
544644
491408
71123
372580
224848
158583
297269
403378
114907
192834
223289
310202
194306
290170
334675
67948
516476
12166
435671
296255
192607
93806
463555
491836
455750
127576
205776
259952
91402
212054
547519
565389
120935
280736
338581
342387
264013
264683
280293
112394
461123
86215
292945
117899
209142
390017
339022
573209
438999
505528
87503
546760
212080
555322
317320
378652
462466
436603
90062
397475
216198
344897
317033
546524
199771
498709
130613
76087
200667
212647
176288
499393
509379
499802
113590
97656
322724
226588
186637
58001
530854
183359
452218
58800
320482
452611
252292
482476
356406
525927
356505
561027
233090
418288
101145
451468
53491
449031
14029
185366
476925
185697
44989
361831
284789
16241
530620
433963
109231
412551
332627
540483
186125
241948
123570
542234
230432
453166
243190
415393
350675
415798
273728
283495
62198
164366
20972
416385
480075
479938
48924
190546
537025
3035
581332
243857
146193
61717
407017
110881
21746
122239
503233
177856
14306
107542
503207
201111
181359
182155
123220
480726
112388
328462
184359
203416
182369
554100
287484
500878
122678
502895
280766
30793
183199
109216
268941
107183
32464
501835
25807
88859
409181
466347
12897
487659
27610
408534
434622
557916
193332
189305
274470
557720
435742
289633
407960
407948
407945
192440
159282
26564
190204
96762
26560
160185
476335
494085
101623
401425
498807
461993
484225
103413
555110
103379
555180
412464
197652
290477
91520
321079
197278
476647
436203
186991
411188
110617
165353
495125
419216
101884
27946
196085
321118
88846
462629
180541
515485
41872
44699
226571
226419
250301
173401
237920
225867
250282
354929
54334
224222
167044
4742
250794
166896
375902
361180
221620
141673
544607
258209
220307
474410
346940
361029
61503
69577
240960
70896
169226
170173
65267
528738
367509
308441
167452
139440
117014
253452
525118
283659
350668
369185
146614
233919
308543
453926
236874
171483
448256
283441
145093
119445
521142
43816
115870
44220
140661
520109
140664
148792
3865
57027
233950
450596
232865
514913
381709
382088
120767
37865
547383
242100
326959
262325
303314
533816
143217
210457
505967
281508
16030
505862
416489
342142
292995
574454
281500
49676
565543
265574
535858
207323
439015
207060
357829
381527
75886
533097
134935
36049
35966
458054
546226
153231
512479
378403
325157
74037
449412
217303
217562
259665
545475
134167
423123
440706
51339
380106
575020
241889
246686
252625
479008
143644
351590
327845
243569
279730
524799
328098
46919
21588
181745
414857
248089
361386
242423
144539
102598
12993
449976
467540
540372
319654
105866
503823
428867
318200
373571
210439
576070
222494
375180
100723
195267
120248
113977
151790
556193
177452
130849
71301
303006
398438
397322
344862
379108
574725
156924
506569
8179
261346
440062
150080
268539
79084
349822
42805
408774
408255
83275
370233
189427
308907
504152
190700
357916
289716
160345
435205
406053
273493
439651
84463
160025
465715
137395
350405
119617
33243
283380
226417
309993
81552
50145
479078
466005
193271
97048
166557
431236
164835
320696
285961
322829
320832
431464
286503
168832
167128
430788
164568
245102
431727
309044
444390
149052
443797
310196
150301
310545
296745
442877
442822
311295
442387
311303
312289
441500
147409
445200
298691
147101
449432
449392
449338
143769
143792
144058
304409
153094
304815
305480
300155
145831
446990
299409
308785
146627
305343
164440
440500
313057
434657
160941
161799
434219
434060
319073
161990
162459
320461
162561
162855
287550
433554
432534
163543
435206
158999
290231
158412
153578
314440
439777
315249
154004
315564
154053
153563
438807
437298
155811
316438
436694
156756
156834
316879
315621
438220
406451
170194
378139
218404
218678
377723
259099
219578
220215
376441
376233
347630
222407
222863
256859
347772
374734
374241
349310
373705
224693
349616
254653
373119
350084
378284
217285
345136
260470
340529
208311
209162
341775
209441
385877
209808
209864
264540
262347
210671
226579
210855
382855
382333
261182
381060
213830
380299
214274
260922
379162
215565
378727
344045
226744
350463
372471
352481
234779
235788
364145
251888
236535
236714
251857
362189
237984
356002
234766
239148
247306
240754
361027
360700
360564
360512
360263
357529
245426
243134
243442
361265
266160
234251
365317
226967
227048
372362
372230
227741
371552
253843
228558
228771
229221
370331
234182
369840
369294
230739
230780
367843
253036
232073
252911
366569
366199
233727
351683
229713
323291
267112
338826
415434
278843
414698
414261
182681
182874
183187
328464
183701
413822
183843
277622
185095
277614
185559
277051
277046
185756
330515
186413
186422
186788
412364
416059
180154
179930
179642
170208
323564
426070
170955
171733
425388
425303
173434
424633
325027
175825
410576
281676
422622
422424
176828
420929
280017
179069
418961
327433
179430
279850
417946
422706
330931
188346
275863
197683
398866
198075
336949
398222
398007
396369
269866
395723
395665
200296
398905
337246
202503
267972
392392
203382
391225
203846
390689
390585
390246
390238
338678
201646
339356
399567
335976
408830
408336
408120
274066
332502
190841
191117
191296
191390
273617
333303
336309
405970
333808
404027
334471
403975
335081
271681
195079
401860
271546
335800
196313
272889
449522
152208
42137
527535
544597
472034
564289
548795
496450
526089
496267
544140
9553
535591
38685
48504
497351
90155
38825
21161
525021
58232
91857
474344
57454
493279
571584
94033
11197
474028
496152
50177
115898
92679
572017
38296
572233
10613
473015
494731
89670
89618
119785
22660
501122
468012
7795
575079
575081
124157
468354
124243
501824
39697
467022
62220
86249
502854
125476
501527
123070
47008
468954
60859
550597
498392
536517
574509
8190
470746
470161
61531
469961
88507
562805
39480
524533
500829
7899
550862
114090
23411
565957
57149
530052
105668
482735
482707
100582
106661
15599
482774
487630
52314
107839
108212
478874
100006
478621
478433
16327
567315
482799
54527
102848
484397
103538
15751
103747
485740
486112
105264
102461
53907
483587
531000
530461
486576
483179
482951
15709
54723
99260
478120
36522
490952
96998
491449
491481
50481
566518
57091
113440
113570
113757
95670
18295
12115
548090
492805
113559
476120
111590
51250
16716
477805
14135
546622
98194
532129
490051
98018
34689
545756
110638
490171
490338
532773
12966
51289
111076
548126
575428
7873
575624
138070
510343
68520
543581
457230
453104
134537
75786
26734
458103
76257
452947
1554
3337
580029
555412
507927
133571
454750
516318
26534
507668
516867
139871
553074
506707
26430
6074
456015
555456
557965
2261
515350
519316
541474
30668
43605
71345
71673
137300
514180
579240
454414
137294
63965
541197
512145
518968
137211
136915
73588
73729
540502
511076
455414
26908
556633
137993
69009
512307
518365
555197
505516
522622
4754
559656
538463
517596
128119
757
504074
503983
141574
576654
42279
127170
82847
518039
30062
84073
46269
66502
575957
126299
126229
450655
126064
66561
23754
85292
5652
465692
543112
463037
140686
552837
517619
82367
130663
576955
504733
576857
541879
26026
462315
130699
104965
356379
512070
512912
227227
492323
19923
208663
566908
132001
189078
410612
272635
516893
276863
331959
119233
60548
545289
251044
379332
338044
407650
409964
54301
373284
515993
283940
270244
377060
373140
554767
487702
515904
488360
487720
410587
374641
336427
567801
486788
377080
215255
490022
59652
385346
497099
505132
25989
209530
386119
89487
386224
200457
328068
499255
367205
562708
328791
369997
560626
53580
63488
388721
391978
266176
524064
86467
86220
526341
371289
211215
263425
557595
490702
490860
547738
272117
282698
74963
510791
379584
379837
379869
371973
489344
509695
93964
554291
401320
400202
509388
77184
509258
212077
399822
527558
91612
383339
75775
102906
373255
151005
44823
469634
174904
435569
175570
8493
40886
12370
475208
3134
159606
420546
420339
436044
251367
126216
136718
476704
136740
306914
353300
242972
540209
118788
244344
435910
244005
170346
534679
436413
156636
426852
291866
297444
131115
577161
118401
429293
463398
50100
309775
132389
132540
459733
310622
568961
119964
244571
161781
452759
146253
314027
286146
545958
321258
302137
434006
43218
52575
447501
139623
160580
414216
543281
449981
103931
417416
142537
160556
412604
47570
185721
140068
274957
190595
281377
185620
227413
461275
200109
300055
413616
494578
196141
460461
375198
369675
571636
401124
444304
333565
519874
137507
64865
532695
111014
301971
568265
321647
442223
221094
307993
185916
105647
98280
308339
204098
90208
107244
268710
285799
388881
8350
95770
559047
460757
192788
86320
350694
61836
38539
279027
502336
201348
335861
475572
386661
241291
171942
423172
324872
440646
199125
137803
396526
309302
93175
67178
482007
121112
530013
551669
94846
353964
104893
235791
300814
268400
274292
445512
168129
306972
538596
561337
145620
225518
181296
286458
437720
524263
412592
41924
194158
118956
203845
80737
102446
172616
365485
93607
66519
393031
764
58223
509577
16228
188852
161308
119232
337274
353096
148458
500062
361221
503467
210458
424147
471893
188948
313916
580294
352334
8010
126098
236951
474384
376677
207509
18476
303550
541550
10463
527644
398604
89027
364567
402000
359303
359276
37907
200703
450695
372855
174018
416088
312544
506335
349480
143653
190767
36563
205289
14629
213361
205676
275270
430238
384040
509526
226662
66700
179229
474246
348571
278977
82846
272718
183469
546388
214961
256945
455515
230454
512776
550001
215579
122300
392251
134112
158227
90754
313557
102331
223032
205911
77181
13357
577847
399744
539551
288114
333167
407259
367893
179578
22002
250205
452676
319687
207180
521259
126895
580027
483389
344488
56541
270515
502168
371841
129735
522163
196311
63671
104494
553253
554302
295269
124246
323919
453162
256529
102421
256145
195851
23309
472762
154705
536154
309530
293574
297970
538595
247788
333101
308759
283642
411187
521943
352478
293333
513585
149329
226408
513681
562582
348140
122458
267537
381031
505739
112751
49075
321176
208012
523230
354242
254931
452461
430286
143671
471858
223747
389843
299492
86357
579548
251330
505014
465986
311961
534639
151911
241319
47131
556091
411405
355441
573067
172935
456725
114503
367571
226498
363461
242945
255649
532827
530624
366611
56633
358763
532126
267076
39743
351183
54643
41550
343315
68546
560000
190753
443498
23802
324789
212817
316505
499313
75033
435533
187199
200725
420610
19025
152330
402887
569272
581781
430973
197796
67218
197022
434410
475244
123469
104002
14990
71023
163316
549410
398045
45176
120682
573877
453755
515077
151962
444879
268469
562875
2764
198641
426075
131207
254711
335177
371822
249219
318837
319579
570456
316000
319617
569001
572850
315744
573791
345211
320078
568675
347390
315962
345711
316138
570688
571497
570188
317898
347747
569319
317622
346642
318722
346865
317325
569273
572303
316704
316617
545734
347377
318645
544611
337563
312192
574108
577924
307564
578225
578237
349402
307206
306855
349485
306603
306395
306281
305978
579337
305368
579885
305000
304252
304220
304186
581593
542792
577877
573853
308900
577212
315281
314023
544071
313593
313034
312559
348091
348306
311465
576714
348474
310524
576820
577128
543782
543696
577169
309692
309655
348913
309452
577385
568555
567812
568337
332407
339943
559778
552507
331627
560235
560721
331307
331242
331097
330248
551336
561619
551129
329375
328838
562101
562227
562557
550722
328374
340781
340930
339470
559348
558864
332908
554618
554607
337035
554978
336629
336464
556562
335887
554347
556758
554340
562834
338105
557923
335644
335610
557977
334062
554037
558539
558587
558784
333156
333150
557731
341230
550432
562906
323930
566941
344197
323799
546649
344498
567205
323758
567340
323186
567383
343967
322895
567686
344730
337653
322352
322174
567886
321804
546229
321476
568132
344903
546569
545788
324203
343543
563665
327857
549242
549063
548882
563871
564109
564129
327413
564940
342762
324500
343059
565479
565670
327323
343157
343193
565693
326368
343504
566027
566298
325153
327383
564934
449888
350648
475906
476282
419848
476300
419371
476339
418565
476856
476873
418226
421361
417965
477477
477623
417727
416885
478184
416668
479099
415585
479557
479948
477305
480345
421673
474906
428231
472088
472211
472691
426917
426795
472821
473171
425848
474003
475413
425526
425371
425324
474078
424975
474170
424293
424247
423715
423617
422778
474021
480472
415163
413839
406217
406211
405226
491985
405062
404602
492407
492524
492785
403950
490286
403639
403315
493206
402909
402867
401892
494144
401088
495519
399832
399655
493196
406841
490105
489475
483531
413341
413339
412753
485139
485485
412437
485673
412240
410724
486580
486632
409725
487282
409115
409100
408873
488075
488736
489235
489266
489304
407524
428562
399205
428812
429924
455365
455384
443313
455395
455557
442746
442417
455767
442323
442128
443723
441974
441863
457217
441156
441072
440779
458846
459164
440617
440486
459590
441969
440299
455343
455325
451014
451120
451305
448923
451345
451440
448278
451679
448236
447378
444236
447242
445602
445594
445567
445267
454741
445014
445009
444888
444746
444626
445643
459757
459933
460053
433714
468736
433075
432125
469085
431671
469356
469424
469982
470070
433845
431594
431472
431257
471394
430875
430590
430583
430073
430056
471488
429996
470370
467990
467951
433892
460652
438985
460684
461278
461331
437284
461681
462241
462953
462978
436350
463084
464390
435707
435391
434915
434898
465735
465822
465887
434580
467116
467726
429369
496324
496379
496409
365618
365511
525667
365214
526342
365094
364757
364493
364429
364399
525373
527704
363508
528386
528411
529494
362869
529597
362159
361923
361885
529944
527961
361730
525087
524742
519611
519649
520524
371948
521359
521540
371497
370929
370839
370513
524992
522702
522791
369685
523517
368648
524173
524333
524656
367087
366615
366576
369887
361268
530630
531563
537802
356368
356351
538153
356043
538451
355817
355450
355263
355123
537636
538741
540414
353411
353028
540860
540912
351787
541279
541773
541991
542509
540172
537604
537280
357335
532009
532085
360730
360661
532159
533261
533532
359947
359791
359239
533688
359126
359118
534018
534377
358750
358231
534988
535226
535242
357743
535889
357475
519565
519271
518716
518584
389753
389738
389644
389056
503522
503772
388677
388413
388009
387850
503202
503826
504353
387551
387387
387383
387369
387244
387150
386786
386755
386187
504341
391862
391940
501229
398753
398637
398519
496554
398119
497488
396178
498274
395801
498346
395634
395531
395463
394677
499810
394611
394352
394132
393794
393692
501116
393497
392753
505043
350491
385997
506515
515777
376751
376667
449872
376358
376295
376187
516026
375763
375211
515727
516316
516916
374111
517737
373988
518213
373440
373375
518234
518324
373060
516805
515226
377595
377867
384827
384554
507037
384527
384348
507783
383341
507935
509185
381213
380892
380756
380698
380609
510707
379605
379022
510798
511236
512722
513507
514682
377882
505344
164
288933
581899
204360
204256
61171
61520
204036
61658
203661
61693
62041
203460
62623
203095
203061
202944
63804
201934
201918
63882
201676
63939
200252
199951
199602
199575
64196
204448
199449
60823
205251
211498
211192
211186
210299
209773
209286
209007
112830
208793
58344
207925
207898
207585
207507
207205
207059
206770
206411
59393
206027
60128
60448
60677
205409
205300
205222
56724
199437
199358
191919
191761
191533
190441
67704
189634
189368
68059
188918
188534
188460
188311
68435
187424
187349
187249
187236
187054
70493
185472
71826
184590
71986
183364
72004
192007
64495
192153
192212
64610
198223
197609
64915
65124
197266
197191
197097
65258
65465
66001
196415
66072
195281
66239
194790
66427
193661
66717
193380
193245
193015
192479
67207
67412
192154
212072
212346
212688
43165
43261
43673
44269
234463
44309
233961
233556
45094
233376
45197
232453
45463
232287
232121
45550
232088
231991
231364
230964
45685
230701
45728
230679
46252
236323
230615
236945
41635
35940
244167
36508
244050
37038
37629
243699
243331
37988
242523
242422
38031
38190
242073
241728
241677
241517
241396
39785
241113
240903
40426
40681
40686
237777
42492
230450
230265
230040
50324
221000
220808
50331
50485
219075
218926
51314
217016
52290
52982
215826
215812
53139
53263
215394
215062
214853
213961
213843
213758
54533
56137
56326
212739
221303
221561
221605
49985
47226
229234
47263
229000
228746
228013
228011
227709
227511
227468
227220
226917
182523
47775
226220
225916
225603
224742
48668
48791
224111
223777
223414
222903
222317
48905
226496
244665
182398
182240
141211
140203
97899
98043
140006
98283
99026
99961
138397
137595
137271
137265
136552
100000
100083
136008
135975
135900
100187
135579
135356
100245
135029
134223
100726
141517
134133
97610
97240
148188
147058
147030
94052
146730
146570
94795
145824
145781
145597
145520
95062
145295
145101
144228
144003
95227
143931
95551
96110
96288
96351
142092
96654
97017
97479
148568
134001
132375
122166
121826
121633
108380
108531
108761
117718
108864
117237
109055
117037
116936
109178
109819
116556
116226
115069
114926
114147
110951
111593
113313
113139
112298
112928
107304
101567
107123
123627
102594
132272
102665
103122
103272
131138
130712
130651
130516
103509
129062
128849
104455
104495
105040
127496
105156
127192
105291
105367
105711
125815
125645
125228
123867
123622
148719
149890
150320
173832
173693
79588
172877
80104
171548
171335
80219
80300
170914
80714
170442
170401
81081
81287
81394
82456
168909
82889
82981
83036
168031
83142
167152
166642
78843
83557
174425
174690
181586
72368
72860
181449
180479
179765
73973
74137
75372
179200
179112
75527
178084
177953
177375
76521
177166
177149
76572
176701
76844
176606
77396
77415
175908
174679
166565
166320
165937
155087
155035
154854
154423
88902
154095
89359
89378
153520
90003
153061
153011
152751
152499
152340
152245
90476
151988
90594
303305
151585
91912
150538
92683
150417
155131
155142
88560
87740
84447
165522
84592
165056
164420
164121
84929
163138
162530
86011
86133
161861
182362
86429
86483
161185
161060
86646
160276
86755
159791
159458
87038
87354
158563
87638
161231
245242
57359
112818
24112
297956
24396
271117
270544
298252
298461
271900
270474
25191
298732
268882
298809
268435
268224
267998
270001
25595
272008
297520
4296
273688
273579
21644
21645
273442
296825
23981
22129
3779
296988
22341
297074
272212
272188
3326
273118
267521
267321
267224
300472
300701
29170
260307
260166
29393
259408
300403
29697
258588
2684
258023
257870
257336
257137
256838
29709
262162
300330
28874
267127
26907
3084
265611
27620
299074
27789
27874
27975
262900
2972
28273
300008
300090
28540
262509
300124
5038
2621
21639
274083
287396
287035
286994
12085
286813
12230
285433
287506
12375
284253
284160
283977
283653
283438
13333
13774
12744
292456
9727
9908
291404
290602
290196
290165
291588
289995
289960
287570
291742
289201
289172
291784
11184
291930
581887
288313
289474
283101
292493
283097
277984
277227
20038
295059
20175
277162
20268
294284
276840
276720
20273
276215
20553
20912
21483
274629
295683
294209
19890
19176
283012
14108
282143
14226
292649
15386
292931
15559
9156
8204
15956
281601
293785
17667
279154
293895
278822
273855
30548
291380
253630
252748
397
34114
249599
250924
301746
32510
301981
247407
247839
589
33006
33835
192
248314
253688
302318
255529
301765
250917
2124
253742
1700
34452
35326
250939
248112
252008
252101
35498
251195
34183
251920
248631
255244
256566
252388
302405
33561
246672
711
302110
252403
256470
32193
248235
33345
252444
33499
254986
448511
235575
86877
283261
57100
529004
395180
229387
547137
286708
372494
260686
108152
447354
368096
15735
312081
565239
554595
219657
488386
416467
239145
493799
29030
382717
91079
75646
504711
61564
179273
31392
129566
223930
110389
261787
495852
41867
358389
72052
333845
442539
116667
87875
186977
469088
220182
487222
229553
151159
460129
322594
494620
121503
215471
100428
484978
339202
163020
169800
341725
332545
473075
260370
196852
527407
581655
289194
355000
488664
579321
189203
78565
178671
209733
211775
153300
176744
282231
350075
233327
170278
141634
69356
535156
399741
329447
11320
117125
226154
557016
170411
185397
153038
268987
351557
455355
233446
370749
219514
561357
237277
176362
549351
566038
172710
302243
368367
143174
73491
123964
487698
571931
217269
481890
121591
94746
272880
419386
109092
46329
160772
455299
315792
277518
163012
292330
221155
389378
384012
320978
406976
69077
364589
316015
210883
293452
472160
517318
268885
6847
131276
170739
254568
383462
18750
480379
200739
300705
38531
290659
143236
575194
6497
392364
519055
381551
238700
324497
25360
235380
60126
250766
18783
136285
301397
520009
38488
5178
212559
27530
423337
99389
572802
489764
508985
386585
146667
526560
3103
399991
25685
565691
554537
60010
422870
103431
149568
132223
58949
33830
237476
539678
191300
412015
423740
394157
233315
51249
535997
450458
472643
483994
67532
503972
63047
431573
361157
403675
220511
361751
500514
188667
10928
504559
106849
569972
51476
194875
205594
548339
488723
482021
246233
435823
34930
286654
365207
96618
310705
387696
347819
94046
546188
501242
82807
401028
196355
83065
455675
514525
478522
198139
124013
10395
273450
211063
43542
408208
469119
306426
324774
436738
98872
325328
44612
26799
430467
523137
212470
461898
189067
537954
236985
372718
566135
572090
571550
250427
370388
249295
265916
557896
444755
265851
503951
26432
39322
268541
208376
557564
432276
543220
148955
432898
387576
370701
391689
462213
390322
229383
147128
429718
169076
292446
493509
323925
292363
82794
82157
120380
149469
339678
14056
493772
391463
299044
390795
323853
186873
308512
475586
242911
32625
124072
438103
124018
346645
218947
50896
439339
35368
121849
441824
36252
49881
123125
318124
301266
222043
347982
31247
292032
500175
551243
150763
503097
386134
536879
210408
210520
463283
550627
463452
434787
56624
470513
9286
159981
463898
212166
159377
47720
372433
443343
158660
262200
255578
302452
443969
543660
110884
181485
313162
136793
333014
180830
577160
34193
96327
491965
67686
193881
42837
401591
22191
510593
401384
457262
400976
509855
177838
118546
518914
415885
328551
515531
330734
99707
234370
473109
365103
365121
276239
188084
67776
563730
183217
329421
5205
68205
235790
44677
332025
277694
97667
414122
351081
402717
293133
3209
398450
198645
133251
9105
577522
24776
335992
560279
298067
14756
507180
14591
94619
102707
238598
393282
314616
197918
486232
561399
457717
281163
448786
77178
326462
367673
457436
460251
35012
91766
94501
333756
254164
528643
198367
515289
338562
281609
247123
470313
58636
388325
496687
152000
540186
872
29019
333436
296564
341397
124647
105102
353666
85813
514241
460967
504452
484066
200267
176906
410583
162580
348791
345261
272728
107004
35474
181969
406417
202138
252549
5124
363875
395717
524002
579902
379070
75713
415882
352760
42743
221882
486991
349489
296014
515176
478136
283254
54490
10779
20001
546667
498765
471869
292916
532690
86136
428248
531189
481327
556641
416660
192716
418548
15968
581731
437303
196798
367608
295728
276804
179487
507684
35738
69196
335328
297830
500139
401092
4092
16995
235839
522940
553522
479334
380414
411768
185890
145227
414289
216837
325907
101059
123244
403180
350447
489019
89258
295016
569432
156466
385057
441695
493273
332570
25293
245852
441211
18358
482477
49236
139436
128748
454161
291589
540098
449466
301756
513342
379476
490491
448690
324595
339823
411821
400044
22705
424192
69568
28702
556178
313922
393874
360128
240739
5443
430518
560911
235933
28820
53949
110562
482487
105973
578878
580975
543118
578871
546782
525849
60049
484321
34299
557785
527447
28022
57238
529668
111024
556751
57095
38252
111179
56739
578427
578344
34892
580870
56562
47886
579003
30034
538259
48956
48910
107227
549518
479597
549713
33924
535198
46869
46924
47395
107741
32081
536795
48739
536028
48840
41322
45627
554711
106096
42576
53616
53503
110313
547858
106351
32715
533511
580540
555035
480215
34137
45367
538976
1063
532867
45574
29577
484531
497312
60760
504790
81100
81000
506357
80172
79689
79566
79188
9217
15953
78701
508811
95063
7241
77400
16410
574823
567171
567093
492363
574988
74789
512112
13004
12543
569976
84674
497443
89391
498802
499105
572051
91341
499391
499537
87387
495491
500723
512248
571746
87244
86848
11721
571012
93331
501790
570680
570471
494438
85353
85101
10114
26671
512463
512630
518818
3711
22492
64760
520338
64693
24247
102439
560662
64189
521634
3109
24924
521669
521689
64155
25096
25252
485483
63715
484674
523100
577912
66243
66412
518109
21839
6091
72737
513497
97682
490306
97748
97868
98095
489940
69698
515760
73009
576704
488522
5060
516775
516804
516913
517443
563015
488385
21671
517821
66879
68204
100343
302997
151704
237723
163290
238389
162445
162280
433980
239318
163775
161810
160886
160607
435598
242189
359442
243775
435820
434488
243825
237316
362483
229631
369776
369309
427782
368752
368222
367558
165172
428366
169757
169700
367452
366867
366178
365822
233567
170015
370602
244246
157756
256407
404886
256668
256771
442210
257660
345998
441496
345469
345224
260595
260818
262228
343753
343680
150317
442523
357944
254589
254167
245173
246014
246308
246649
356092
155671
437393
350388
355919
248276
250370
353298
352538
352005
351840
350851
248231
228197
227656
426377
198811
199389
396736
199481
183348
395290
202339
398606
415020
393372
181572
202797
392004
415841
391365
390769
393674
416405
197528
412510
404601
190776
190395
192817
189436
193108
193405
185802
188616
188132
195897
187533
196754
411774
412204
186079
188592
204502
389622
180289
377003
376900
376307
424378
173533
173166
221708
218439
375317
224238
224724
225175
425870
225537
170950
227125
375063
218220
216235
215708
180011
205605
206958
207634
208283
208417
418275
179392
385320
384188
420059
177173
420882
213033
422536
380639
215408
149268
262235
348216
262810
286119
286285
127520
127476
465087
286907
319721
285160
289128
317560
125286
125070
466456
316400
466570
314812
318566
313588
284698
324040
458953
280530
132861
326308
326128
132686
460149
462982
281722
343458
460812
461007
132042
281733
130555
283113
132182
457901
294119
312890
297976
308587
473406
299553
115070
474110
306952
116696
301956
302185
302193
114033
474600
304390
303590
303549
302094
125051
297736
117404
124128
295574
468129
122747
295769
122229
122213
117191
469857
296032
121417
311081
296136
296492
118579
310094
311904
278848
325587
141760
277025
266115
453040
273712
273323
452618
273188
267115
272615
452308
339740
334015
452195
267844
334483
272015
141197
267875
338532
271820
269280
270918
335814
265374
329533
143479
141795
446324
277172
136458
342006
446623
341778
136400
456420
135670
148170
278321
454561
262987
444495
329379
264819
147556
264737
82252
142941
512337
90864
370279
20349
323128
153486
296897
193798
72020
448053
492246
335774
302302
479912
185303
443361
518729
166645
462677
435703
38645
53183
176696
240393
138573
137301
286719
565597
490505
17379
233305
279024
74434
565761
424155
229286
557402
437459
546962
191013
71241
325211
247057
41147
425475
100909
44536
325736
189566
440043
576566
529215
66064
52005
337827
17235
389340
136501
26946
6153
29524
215554
132510
32677
258509
185988
125983
248224
310008
236068
5804
522613
307523
210749
431047
104486
438851
153822
153697
114055
90351
546424
294035
54679
537620
427223
375914
514586
534349
183716
533517
289337
300791
460676
90753
331196
470173
316254
449485
33158
347848
87617
508230
72797
440226
441788
289497
335587
542611
223276
380088
543492
93434
101703
399865
73039
140388
139294
476491
215259
505814
67953
257471
500464
527573
481398
127801
538005
129362
220041
505650
426532
269311
203299
333034
349622
325410
307873
514540
120964
351149
414661
157352
278582
231508
254864
560373
293071
449903
165752
127514
447208
98599
508443
554727
564127
482667
138937
141849
572042
374702
161820
535952
571635
320203
371326
566103
439522
427500
427965
156292
358652
235124
568082
243213
241638
278760
279259
270702
409542
283
312144
307209
415958
390685
301135
304159
122266
304812
474609
308156
50844
473839
499093
421401
262895
107831
216841
271359
423613
202658
298736
195798
16928
494869
157365
117725
415770
246522
261273
15883
333114
392981
213434
158494
14874
361341
568195
361321
108408
132143
240102
435359
36539
140087
435466
524536
159269
452516
359677
109486
576981
486175
241187
213359
134198
72281
184276
348701
399545
346337
278435
138648
138814
564366
187036
91716
139140
196681
31164
301837
476398
187513
30470
347724
400975
30383
331349
154363
348973
255315
355256
153896
498650
361660
17755
2894
495734
200572
34056
32947
151558
29648
332582
441009
198752
550322
565877
198464
349469
33055
252857
163260
542101
282229
79544
319616
384333
314147
172946
375530
517987
172087
178810
385779
506587
319726
425462
48564
106314
506449
527750
510864
226848
558976
491835
419379
533434
106120
213224
423005
573058
423104
531111
508822
175612
531569
336171
450098
10400
423189
316359
316147
529270
338098
420230
218687
302572
402334
74268
505792
168367
448117
365983
284749
12448
483849
167583
103667
386929
283890
576629
146830
363522
561698
331372
431742
362026
295837
233968
45392
334760
340737
320480
537369
207670
466583
450559
26690
526418
232597
143143
526371
127135
538589
367953
388464
467138
538775
312416
141807
427561
275496
219170
23017
140197
273494
500965
463303
569437
43850
469096
59009
130076
370315
360926
232610
11813
101948
390902
315219
459400
173897
19491
413950
298493
292206
10249
285302
467705
126833
294593
574411
450355
293296
106757
285106
20788
568956
301221
100166
135266
279784
578341
280007
111878
327149
478664
568653
111004
22563
272129
331403
478490
324135
112440
242246
532212
42661
348524
32331
32524
191169
64796
373007
505945
80747
89285
251019
428234
436696
553306
199203
168353
167598
499755
200638
157109
365540
37846
543676
41119
502910
513129
182483
394559
237357
248069
52871
203483
528980
407443
67590
386457
205258
448998
511403
59202
179611
340654
143737
143125
180917
558661
25864
491377
189371
31521
364079
175948
150843
150888
529235
518850
383065
554625
29656
91517
109308
52425
181256
382715
44559
4079
506736
204232
529065
224523
209015
168455
288229
169505
314992
560227
574413
540264
423048
404889
109869
553353
363403
305526
497348
302298
146837
547583
140987
114239
35222
131431
432160
389604
475944
271240
446358
481446
327665
515779
520147
206135
151733
512254
1667
383073
562994
189365
443334
92939
206025
475398
9270
263505
572408
497907
64746
350467
400317
254454
425948
126253
16257
158795
65074
137678
52020
221669
512911
396167
528314
200720
218310
475229
525170
577584
255928
280036
309495
348263
580608
367582
376059
258628
430744
262677
458275
402723
62200
195271
473124
141509
377984
539224
539251
319677
130579
179500
265579
151970
151657
326230
190853
71451
16076
327617
148542
541071
117786
137658
133485
170190
60899
92124
488250
494320
383087
30998
158272
549171
364188
269867
94012
31817
30843
519542
206271
482605
63114
